0.01
 average loss for epoch  0 :  -0.0065016207366209965
val accuracy  0.0011458333333333333
train accuracy  0.0004166666666666666
 average loss for epoch  1 :  -0.006801943112488674
val accuracy  0.0060416666666666665
train accuracy  0.00225
 average loss for epoch  2 :  -0.00733657112426084
val accuracy  0.0071875
train accuracy  0.06574999999999999
 average loss for epoch  3 :  -0.011551324419839226
val accuracy  0.06166666666666667
train accuracy  0.14645833333333333
 average loss for epoch  4 :  -0.034733001061755676
val accuracy  0.0015625
train accuracy  0.05645833333333333
 average loss for epoch  5 :  -0.057687879904456764
val accuracy  0.06072916666666667
train accuracy  0.088125
 average loss for epoch  6 :  -0.08989755695928699
val accuracy  0.0575
train accuracy  0.09587499999999999
 average loss for epoch  7 :  -0.11760936450699101
val accuracy  0.056875
train accuracy  0.11460416666666666
 average loss for epoch  8 :  -0.1499228999018669
val accuracy  0.05427083333333333
train accuracy  0.22197916666666667
 average loss for epoch  9 :  -0.18483334585376407
val accuracy  0.05489583333333333
train accuracy  0.22033333333333333
[0.19635416666666666, 0.1875, 0.00010416666666666667, 0.2782291666666667, 0.269375, 0.8895833333333333, 0.8040625, 0.2265625, 0.25114583333333335, 0.22447916666666667, 0.6330208333333334, 0.0253125, 0.248125, 0.3026041666666667, 0.48833333333333334, 0.3539583333333333, 0.23854166666666668, 0.15614583333333334, 0.4557291666666667, 0.3180208333333333, 0.47979166666666667, 0.029895833333333333, 0.28270833333333334, 0.06166666666666667, 0.7727083333333333, 0.8290625, 0.06333333333333334, 0.6947916666666667, 0.944375, 0.0032291666666666666, 0.19333333333333333, 0.28739583333333335, 0.030625, 0.18791666666666668, 0.18583333333333332, 0.2834375, 0.2816666666666667, 0.18791666666666668, 0.006145833333333333, 0.8535416666666666, 0.384375, 0.036041666666666666, 0.042604166666666665, 0.0615625, 0.351875, 0.4373958333333333, 0.089375, 0.00010416666666666667, 0.5583333333333333, 0.724375, 0.584375, 0.26145833333333335, 0.4540625, 0.08802083333333334, 0.03625, 0.0371875, 0.006875, 0.5732291666666667, 0.10739583333333333, 0.5970833333333333, 0.018645833333333334, 0.41989583333333336, 0.23802083333333332, 0.2321875, 0.29583333333333334, 0.021041666666666667, 0.29583333333333334, 0.5090625, 0.0925, 0.1303125, 0.4194791666666667, 0.35989583333333336, 0.28322916666666664, 0.15989583333333332, 0.21135416666666668, 0.1571875, 0.07895833333333334, 0.022916666666666665, 0.38666666666666666, 0.17635416666666667, 0.0225, 0.24927083333333333, 0.16958333333333334, 0.050833333333333335, 0.7209375, 0.5698958333333334, 0.5319791666666667, 0.3910416666666667, 0.394375, 0.48541666666666666, 0.08177083333333333, 0.34552083333333333, 0.0134375, 0.23375, 0.3855208333333333, 0.3882291666666667, 0.36083333333333334, 0.4452083333333333, 0.321875, 0.0609375, 0.1459375, 0.41083333333333333, 0.7219791666666666, 0.08885416666666666, 0.18427083333333333, 0.3227083333333333, 0.41864583333333333, 0.17385416666666667, 0.3595833333333333, 0.04791666666666667, 0.12333333333333334, 0.34010416666666665, 0.4632291666666667, 0.2939583333333333, 0.049479166666666664, 0.683125, 0.11625, 0.17895833333333333, 0.0035416666666666665, 0.2890625, 0.7092708333333333, 0.1925, 0.19270833333333334, 0.4346875, 0.01625, 0.16052083333333333, 0.14395833333333333, 0.9957291666666667, 0.060625, 0.26989583333333333, 0.09520833333333334, 0.4196875, 0.1653125, 0.09104166666666667, 0.0540625, 0.19708333333333333, 0.46010416666666665, 0.018020833333333333, 0.03229166666666667, 0.6642708333333334, 0.14114583333333333, 0.10197916666666666, 0.22979166666666667, 0.3023958333333333, 0.685625, 0.17020833333333332, 0.454375, 0.7214583333333333, 0.1259375, 0.09083333333333334, 0.173125, 0.026979166666666665, 0.14479166666666668, 0.405625, 0.21010416666666668, 0.0178125, 0.060625, 0.23375, 0.14375, 0.041979166666666665, 0.09677083333333333, 0.1315625, 0.000625, 0.42270833333333335, 0.06447916666666667, 0.4351041666666667, 0.5929166666666666, 0.7339583333333334, 0.034583333333333334, 0.00010416666666666667, 0.2225, 0.28791666666666665, 0.2171875, 0.3125, 0.2028125, 0.4429166666666667, 0.14166666666666666, 0.6611458333333333, 0.44604166666666667, 0.09697916666666667, 0.094375, 0.008541666666666666, 0.01375, 0.20770833333333333, 0.2964583333333333, 0.6914583333333333, 0.29520833333333335, 0.21302083333333333, 0.6560416666666666, 0.007916666666666667, 0.2940625, 0.9378125, 0.13447916666666668, 0.0016666666666666668, 0.10270833333333333, 0.0303125, 0.12604166666666666, 0.6377083333333333, 0.19625, 0.5652083333333333, 0.19072916666666667, 0.011666666666666667, 0.295625, 0.27677083333333335, 0.14427083333333332, 0.18739583333333334, 0.06322916666666667, 0.20145833333333332, 0.180625, 0.25625, 0.2653125, 0.050729166666666665, 0.5226041666666666, 0.22364583333333332, 0.46697916666666667, 0.3203125, 0.007083333333333333, 0.23791666666666667, 0.7257291666666666, 0.005625, 0.2165625, 0.5108333333333334, 0.09927083333333334, 0.14416666666666667, 0.0309375, 0.3990625, 0.20104166666666667, 0.3982291666666667, 0.19114583333333332, 0.39875, 0.02875, 0.143125, 0.08802083333333334, 0.0096875, 0.056875, 0.002395833333333333, 0.3252083333333333, 0.27427083333333335, 0.28322916666666664, 0.0478125, 0.3771875, 0.3098958333333333, 0.030520833333333334, 0.0014583333333333334, 0.1675, 0.020833333333333332, 0.1215625, 0.027395833333333335, 0.34208333333333335, 0.4344791666666667, 0.5178125, 0.0584375, 0.3905208333333333, 0.6770833333333334, 0.38697916666666665, 0.12114583333333333, 0.5583333333333333, 0.18416666666666667, 0.4638541666666667, 0.025208333333333333, 0.32135416666666666, 0.6739583333333333, 0.2864583333333333, 0.12604166666666666, 0.07583333333333334, 0.29333333333333333, 0.284375, 0.6663541666666667, 0.13958333333333334, 0.4714583333333333, 0.13864583333333333, 0.11072916666666667, 0.034583333333333334, 0.2944791666666667, 0.10125, 0.32385416666666667, 0.015520833333333333, 0.6376041666666666, 0.025729166666666668, 0.45760416666666665, 0.1496875, 0.2259375, 0.40302083333333333, 0.5058333333333334, 0.2034375, 0.44875, 0.09041666666666667, 0.16979166666666667, 0.04614583333333333, 0.24104166666666665, 0.319375, 0.8290625, 0.2471875, 0.29802083333333335, 0.5244791666666667, 0.4359375, 0.343125, 0.6257291666666667, 0.035625, 0.2911458333333333, 0.083125, 0.31, 0.486875, 0.19385416666666666, 0.19916666666666666, 0.055, 0.32197916666666665, 0.32708333333333334, 0.14270833333333333, 0.2866666666666667, 0.4139583333333333, 0.4634375, 0.3709375, 0.5689583333333333, 0.224375, 0.004479166666666667, 0.015520833333333333, 0.29510416666666667, 0.22177083333333333, 0.1075, 0.09083333333333334, 0.2764583333333333, 0.019791666666666666, 0.7626041666666666, 0.43322916666666667, 0.015833333333333335, 0.20458333333333334, 0.21552083333333333, 0.5132291666666666, 0.12947916666666667, 0.09239583333333333, 0.38927083333333334, 0.47583333333333333, 0.28, 0.024791666666666667, 0.100625, 0.2601041666666667, 0.09770833333333333, 0.7863541666666667, 0.029479166666666667, 0.7185416666666666, 0.3809375, 0.16979166666666667, 0.2732291666666667, 0.24614583333333334, 0.04635416666666667, 0.059270833333333335, 0.5411458333333333, 0.659375, 0.1865625, 0.3096875, 0.30333333333333334, 0.34729166666666667, 0.09625, 0.12135416666666667, 0.3591666666666667, 0.10197916666666666, 0.236875, 0.3325, 0.08364583333333334, 0.03333333333333333, 0.0014583333333333334, 0.0234375, 0.34, 0.4136458333333333, 0.33677083333333335, 0.0290625, 0.3805208333333333, 0.20822916666666666, 0.7364583333333333, 0.07916666666666666, 0.043333333333333335, 0.20395833333333332, 0.013125, 0.043020833333333335, 0.1978125, 0.07958333333333334, 0.156875, 0.33916666666666667, 0.11958333333333333, 0.22322916666666667, 0.34177083333333336, 0.2679166666666667, 0.6411458333333333, 0.4557291666666667, 0.41260416666666666, 0.014270833333333333, 0.11458333333333333, 0.0025, 0.0990625, 0.4853125, 0.5121875, 0.4969791666666667, 0.2303125, 0.15041666666666667, 0.3282291666666667, 0.5876041666666667, 0.10333333333333333, 0.044895833333333336, 0.31114583333333334, 0.0013541666666666667, 0.27260416666666665, 0.244375, 0.5459375, 0.14864583333333334, 0.17572916666666666, 0.40729166666666666, 0.595, 0.05875, 0.3698958333333333, 0.0459375, 0.27875, 0.23385416666666667, 0.34291666666666665, 0.4540625, 0.2021875, 0.0077083333333333335, 0.38208333333333333, 0.318125, 0.554375, 0.14385416666666667, 0.08072916666666667, 0.5390625, 0.0014583333333333334, 0.18697916666666667, 0.2490625, 0.001979166666666667, 0.3155208333333333, 0.5885416666666666, 0.15072916666666666, 0.36791666666666667, 0.00020833333333333335, 0.4086458333333333, 0.39447916666666666, 0.15729166666666666, 0.035, 0.9277083333333334, 0.37447916666666664, 0.1896875, 0.361875, 0.05489583333333333, 0.08052083333333333, 0.2547916666666667, 0.15395833333333334, 0.3428125, 0.3673958333333333, 0.005, 0.33541666666666664, 0.04895833333333333, 0.18125, 0.09322916666666667, 0.6176041666666666, 0.6160416666666667, 0.1065625, 0.016875, 0.058125, 0.2992708333333333, 0.38739583333333333, 0.45645833333333335, 0.20489583333333333, 0.35604166666666665, 0.7117708333333334, 0.26375, 0.4327083333333333, 0.26104166666666667, 0.333125, 0.8780208333333334, 0.11739583333333334, 0.3065625, 0.0032291666666666666, 0.022916666666666665, 0.013229166666666667, 0.03, 0.25333333333333335, 0.113125, 0.03395833333333333, 0.18177083333333333, 0.13822916666666665, 0.1, 0.5085416666666667, 0.7585416666666667, 0.10166666666666667, 0.14114583333333333, 0.3641666666666667, 0.3746875, 0.2284375, 0.37625, 0.0011458333333333333, 0.2503125, 0.26447916666666665, 0.04770833333333333, 0.04635416666666667, 0.555, 0.11854166666666667, 0.24677083333333333, 0.243125, 0.8480208333333333, 0.0015625, 0.0240625, 0.0196875]
0.26528375
